15
Obama1
0
75.0
110.0
130.0
0
-1000.0
-1000.0
0
1
Obama2
1
78.0
1010.0
1010.0
0
-1000.0
-1000.0
0
1
Obama3
2
81.0
1921.2528014924178
110.0
0
2010.0
110.0
0
0
Obama4
3
84.0
268.7538929323441
130.0
0
190.0
130.0
0
0
Obama5
4
87.0
270.2896848632766
130.0
0
-1000.0
-1000.0
0
1
Obama6
5
90.0
1090.0
1009.5074999146359
0
-1000.0
-1000.0
0
1
Obama7
6
93.0
1170.0
1010.0
0
-1000.0
-1000.0
0
1
Obama8
7
96.0
410.0
1210.0
0
-1000.0
-1000.0
0
1
Obama9
8
99.0
1580.386169057589
110.0
0
2090.0
110.0
0
0
Obama10
9
102.0
490.83115054774294
1210.0
0
-1000.0
-1000.0
0
1
Obama11
10
105.0
350.0
130.0
0
-1000.0
-1000.0
0
1
Obama12
11
108.0
988.4282116142995
110.0
0
2170.0
110.0
1
0
Obama13
12
111.0
2249.721317078715
110.0
1
Математика
2.0
-1000.0
-1000.0
0
1
Obama14
13
114.0
430.0
130.0
0
-1000.0
-1000.0
0
1
Obama15
14
117.0
1217.2805144382382
110.0
0
2330.0
110.0
0
0
2
24
7
9
-1
-1
-1
-1
-1
-1
-1
-1
-1
-1
-1
-1
-1
-1
-1
-1
-1
-1
-1
-1
-1
-1
2
10
0
 
5
24
0
-1
4
10
13
-1
-1
-1
-1
-1
-1
-1
-1
-1
-1
-1
-1
-1
-1
-1
-1
-1
-1
-1
4
10
0
 
5
24
-1
-1
-1
12
-1
-1
-1
-1
-1
-1
-1
-1
-1
-1
-1
-1
-1
-1
-1
-1
-1
-1
-1
-1
1
700
111
Математика
6
15
3
24
1
5
6
-1
-1
-1
-1
-1
-1
-1
-1
-1
-1
-1
-1
-1
-1
-1
-1
-1
-1
-1
-1
-1
3
10
0
 
