10
1490.0
2741.0
1610.0
2866.0
1580.0
2816.0
0
1
2613.0
3544.0
2733.0
3669.0
2703.0
3619.0
0
2
3565.0
655.0
3685.0
780.0
3655.0
730.0
0
3
2546.0
676.0
2666.0
801.0
2636.0
751.0
0
4
3585.0
1404.0
3705.0
1529.0
3675.0
1479.0
0
5
3262.0
377.0
3382.0
502.0
3352.0
452.0
-1
6
3473.0
3718.0
3593.0
3843.0
3563.0
3793.0
0
7
3688.0
2562.0
3808.0
2687.0
3778.0
2637.0
0
8
454.0
1835.0
574.0
1960.0
544.0
1910.0
1
9
111.0
2248.0
231.0
2373.0
201.0
2323.0
0
10
7
1
false
true
1132.0
603.3613541066421
3.0
500.0
1
false
false
3603.3743371682112
434.61428494059373
3.0
500.0
1
false
true
549.0
166.90834738610192
3.0
500.0
1
false
true
1084.0
466.4779453231929
3.0
500.0
1
false
true
955.0
1751.0450241472163
3.0
618.0
2
true
true
882.0
123.0
10.0
500.0
3
true
true
980.0
200.0
10.0
500.0
