17
1
2200 1600
0
27
1
Cheng
2
1869 1778
0
52
0
Li
3
867 559
0
74
0
Daijarma
2
1717 1355
0
65
2
Rajesh
1
1600 400
0
29
0
Jei
3
1160 208
0
87.5
0
Guang
1
2089 318
0
13
0
Indra
2
1158 1314
0
39
0
Brama
3
1900 1000
0
75
7
Guang
1
1393 502
0
0
0
Cheng
2
700 1600
0
52
1
Daijarma
3
1900 1000
0
75
1
Ganesha
1
1857 1285
0
0
0
Cheng
2
1071 1853
0
52
0
Veij
3
1495 1632
0
87.5
0
Veij
1
443 1238
0
26
3
Cheng
2
1026 1344
0
65
0
Indra
43
2
1200 300
2
1800 900
3
1800 2100
2
600 1500
2
2100 300
1
2100 1500
3
3000 2100
3
3000 1200
1
1800 900
3
1500 300
